1 -0.00669747 0.0201292
2 0.0238592 0.0155946
3 0.00326394 0.0198719
4 -0.0294549 0.0239085
5 -0.0119277 0.0205791
6 -0.0207407 0.0250238
7 -0.0286128 0.0278004
8 -0.0385333 0.0318381
9 -0.0513065 0.0372255
10 0.0184349 0.0292506
11 0.127463 0.032389
12 0.162715 -0.00174046
13 0.144561 -0.0129764
14 0.0883807 -0.018392
15 0.0218404 -0.0196437
16 0.0732177 -0.0375781
17 0.0726258 -0.0401634
18 0.0384622 -0.0409882
19 -0.014801 -0.0377891
20 -0.0634869 -0.0318524
21 -0.107567 -0.0215102
22 -0.138744 -0.00879717
23 -0.157039 0.0057474
24 -0.161112 0.0205785
25 -0.156113 0.0353734
26 -0.14639 0.0358233
27 -0.134484 0.0482001
28 -0.122303 0.0604056
29 -0.110342 0.0714597
30 -0.0986602 0.0813508
31 -0.174284 0.106637
32 -0.299036 0.140962
33 -0.363885 0.171959
34 -0.385471 0.206613
35 -0.381699 0.2425
36 -0.382698 0.281199
37 -0.486132 0.339032
38 -0.461023 0.373565
39 -0.408628 0.411972
40 -0.340521 0.44461
41 -0.269373 0.471274
42 -0.202524 0.491913
43 -0.152217 0.508624
44 -0.197499 0.536977

