1 -2 0 0.196666
2 -1.69094 0 0.0850927
3 -1.96462 0 0.221284
4 -1.94614 0 0.182317
5 -1.94958 0 0.206194
6 -1.94365 0 0.223757
7 -1.93723 0 0.243032
8 -1.65468 0 0.204354
9 -1.6632 0 0.279198
10 -1.40491 0 0.279764
11 -1.15656 0 0.305593
12 -0.948771 0 0.30379
13 -0.730847 0 0.288292
14 -0.680076 0 0.328523
15 -0.491479 0 0.305873
16 -0.385249 0 0.326199
17 -0.303091 0 0.334044
18 -0.173813 0 0.326358
19 -0.13053 0 0.344863
20 -0.0530348 0 0.33855
21 0.00726019 0 0.341918
22 0.0220071 0 0.350807
23 0.105542 0 0.335994
24 0.0766482 0 0.357714
25 0.108022 0 0.34458
26 0.146165 0 0.350855
27 0.156036 0 0.34732
28 0.155523 0 0.347842
29 0.139587 0 0.349531
30 0.149454 0 0.342875
31 0.123806 0 0.34874
32 0.123312 0 0.342476
33 0.118289 0 0.342199
34 0.0913676 0 0.345665
35 0.0605947 0 0.34583
36 -0.0682948 0 0.366136
37 -1.95418 0 0.737076
38 -1.94894 0 0.378342
39 -1.97262 0 0.403852
40 -1.99258 0 0.423033
41 -1.99689 0 0.439872
42 -1.97729 0 0.454864
43 -1.97243 0 0.477534
44 -1.98755 0 0.501406

